word	PF	PN
ն	5	4
	5	1
	5	3
	5	4
	5	5
֩	5	5
	5	3
	1	2
	5	3
	5	4
	5	4
	5	3
	5	3
˱	5	4
	5	3
	5	4
	5	3
	5	4
	5	3
t	5	1
	5	3
ˣ	5	5
	2	3
	5	3
	5	3
	5	3
	5	4
	5	3
	5	4
	5	2
	5	5
	5	4
	5	4
	5	3
	5	3
	5	3
	5	3
	5	4
	5	5
	5	4
	2	2
	5	3
	5	3
	5	4
	5	3
	5	3
	5	2
	5	3
	5	4
	5	4
	5	4
	5	2
	2	1
	5	4
	5	4
	5	5
	5	4
	5	3
	5	4
	5	2
	5	5
ڱ	5	1
	5	3
	5	3
	5	5
ޭ	5	3
	5	3
	5	4
	5	4
	5	3
	5	4
	5	3
	5	3
ִ	5	4
	5	5
	5	4
	5	4
	5	5
	5	2
	5	2
	5	2
	5	4
	5	4
	4	3
	2	3
	2	2
	5	5
	5	4
	5	3
	5	1
ȯ	5	5
	5	3
	3	4
	5	3
	5	3
	5	5
	5	4
	2	3
	5	3
	5	3
	5	3
׫	5	4
	5	3
	5	4
	5	3
	5	3
	5	4
	5	4
	5	3
	5	3
	5	3
	5	4
¢	5	4
	5	4
	5	4
	5	4
	5	5
ķ	5	1
	5	4
	5	2
	5	2
	2	2
	5	4
	5	4
	5	4
	5	5
ԡ	5	4
	5	4
	5	3
	5	2
	5	2
	5	4
	1	2
	1	2
	2	3
˾	2	3
	5	5
	5	4
	5	3
	5	4
	5	4
	5	3
	5	3
޵	5	2
	5	4
ȫ	3	3
	5	4
	5	3
	5	3
	5	4
	5	4
	5	4
	5	4
	5	4
	5	5
ܿ	5	1
	5	2
	5	4
ø	5	4
	2	3
	5	3
Ӯ	5	4
	5	3
	3	2
	5	3
	5	5
	2	3
	1	2
	5	3
	5	2
	5	3
	5	2
	5	4
	5	4
	5	4
	5	1
	5	2
	5	4
	5	4
	5	4
	5	3
ʭ	5	4
	5	5
	5	3
	5	5
	5	4
	5	1
	5	4
	5	2
	5	2
	5	3
	5	3
	5	3
	5	4
	2	2
̥	5	4
	1	2
	5	4
	5	3
	5	3
	5	5
	5	3
	5	3
	5	3
	5	3
	5	3
	5	4
	2	2
	5	3
	5	4
ٵ	5	3
	5	3
	5	5
	5	5
ľ	5	2
	5	3
	5	4
	5	1
	5	3
	5	2
	5	3
	5	3
ճ	4	4
	5	5
	2	2
İ	5	2
ȣ	5	5
	5	4
	1	2
	5	1
	5	1
	5	4
	5	3
	5	1
ٲ	5	2
	5	4
	5	5
ʢ	2	2
	5	3
	5	3
ޮ	5	3
	5	4
	5	2
	5	4
	5	5
	5	4
	5	3
	5	3
	5	5
ư	5	3
	5	4
	2	2
	5	3
	2	3
	5	3
	5	4
	5	3
	5	5
	5	3
	3	4
	2	4
	5	4
	5	2
	5	4
	5	4
	5	1
Ŭ	5	3
	5	4
	5	2
	5	4
	5	4
	5	4
	5	3
	5	3
	5	4
	5	2
	5	4
	5	4
	5	4
	5	3
	5	1
	5	4
	5	1
	5	3
	5	3
	5	2
	5	4
	5	4
	5	5
	5	3
ϼ	5	1
	3	2
	5	5
	5	2
	5	3
	5	4
޺	5	4
	1	2
	5	4
	5	5
	5	3
	5	4
	3	3
	5	4
	5	2
	5	4
ͳ	5	3
	5	4
	5	5
	5	3
	5	4
־	5	2
	5	4
	4	4
	5	3
	5	3
	3	3
	5	4
	5	4
	5	2
	5	2
	5	4
	5	3
	5	2
	5	2
	5	5
	5	4
	5	4
	5	3
	2	2
	5	3
	5	4
޼	5	2
	5	5
ţ	2	3
	5	3
	2	3
	5	3
ܲ	5	1
	5	3
	5	1
	5	3
	5	4
	5	4
	5	2
	5	3
	5	2
	5	4
	5	3
	5	1
	5	3
	5	2
«	5	2
	5	3
	5	4
	2	3
	5	2
	5	5
	5	4
f	5	1
	5	2
	3	3
	5	4
۰	3	3
	5	2
	5	3
	5	4
	5	4
	2	3
	5	2
	5	2
	5	4
µ	5	4
	5	4
ڽ	5	4
	5	3
	5	3
	5	2
۪	1	2
	5	5
	5	4
	5	4
	5	2
	5	3
	5	3
	5	4
	2	2
	5	1
	5	5
	5	3
	5	4
	5	2
	5	4
	5	4
	5	3
	5	1
	1	2
	5	3
	5	4
	5	3
	5	4
	5	2
	5	4
	5	3
	5	4
	5	4
	5	2
Ů	5	3
	5	2
	5	2
	1	2
Ӥ	5	2
ߨ	5	4
	5	2
	5	1
	5	2
	5	3
	5	4
	5	2
	5	3
	5	3
	5	3
	5	3
̷	1	2
	5	3
	5	4
	1	2
	5	3
	5	4
	5	3
ܯ	5	2
	5	5
	5	2
	2	2
	5	2
	5	2
	5	4
	4	3
	5	4
	5	4
	5	3
š	5	4
	5	2
	5	3
	5	4
	5	3
	5	2
	5	5
	5	3
ڪ	5	3
˶	2	2
	2	2
	5	2
Ȧ	5	3
	5	2
͡	5	1
	5	2
	5	3
	5	5
	5	3
	5	3
ƣ	5	5
	5	3
	5	4
	5	2
	5	4
Φ	5	3
	5	2
	3	3
ɧ	5	3
	5	4
	5	3
	5	4
	5	4
	5	3
	5	3
	5	3
	5	3
	5	3
	5	4
	5	2
	5	4
	5	4
ϻ	5	4
	5	1
	5	3
	5	5
	5	3
	5	5
	5	3
	5	3
	5	4
	5	4
	5	3
ݵ	5	3
	5	4
	3	3
	5	5
	2	1
	5	4
	1	2
	5	2
	4	4
x	5	1
	5	4
	5	5
	2	2
	5	4
h	5	1
	5	2
	5	3
ԥ	5	2
	5	4
ڭ	5	2
	5	4
	5	4
	5	3
ª	5	4
	5	3
²	5	3
	5	3
	5	4
	5	3
	5	4
ж	5	4
	5	4
	5	3
	5	5
	5	4
	5	5
	5	3
	5	3
ū	5	2
	5	5
	2	1
	5	3
	5	4
	5	3
	5	5
	3	2
	5	4
	5	3
λ	5	4
	5	3
	5	4
	5	2
	5	5
˫	3	3
	3	2
	2	2
	5	4
	2	2
	5	4
	3	2
	5	3
	2	2
	5	2
	5	4
	2	2
	5	4
	5	3
ʦ	3	2
	5	3
	5	4
Ǹ	5	4
	5	4
ܦ	5	3
	5	2
߻	5	3
í	5	4
ͣ	5	4
	5	4
	5	3
	1	2
	5	3
	5	4
	5	3
	5	2
	5	5
	5	3
	5	3
	5	4
ʻ	5	5
	2	3
ۺ	3	3
	5	4
	5	3
Ѽ	5	3
	5	3
	5	4
	5	4
п	5	3
	5	3
	5	3
	5	2
Ϳ	2	3
	5	4
	5	2
	2	2
	5	4
	5	1
	5	3
	5	3
	5	3
	5	5
ú	5	4
	5	3
	5	4
	5	3
	5	2
	5	3
	5	4
	5	4
	5	3
	5	3
	5	4
	5	1
	5	1
	5	2
	5	5
	5	4
ר	5	4
	5	4
	5	3
	5	4
	5	2
	5	3
	1	2
	5	2
̼	5	4
	5	4
	5	3
	5	3
	5	4
	5	3
	5	4
	5	3
	5	4
	5	2
	5	2
	5	4
	5	3
	5	3
ǧ	3	3
|	5	2
	5	2
	5	3
֢	5	5
	5	4
	2	3
Ż	5	4
	5	4
	5	3
	5	3
	5	4
	5	5
	5	3
	5	3
	2	2
	5	4
	5	3
	5	5
	5	2
	5	2
	5	3
	5	4
	5	3
	5	3
ӿ	5	3
	5	3
	5	4
	5	2
	5	1
	5	4
	5	4
	5	3
	5	5
	5	4
	3	2
	5	4
	5	4
	5	3
	5	2
	5	4
۬	1	2
ާ	5	4
	5	4
	5	4
¸	5	5
	5	4
ۦ	5	3
	5	4
	5	4
	3	3
	5	2
	5	2
	5	2
	5	4
	5	2
	5	4
	2	2
	5	3
	5	4
	5	4
	5	4
	5	2
	5	4
Ҵ	5	3
	5	3
ǰ	5	4
	5	1
ײ	5	5
	5	4
	5	3
	5	3
	5	3
	5	3
	5	3
	1	2
	2	3
	5	2
	5	3
˪	2	2
	5	3
	5	3
	5	1
	5	4
	5	5
	5	5
	5	4
	5	3
	5	2
	5	3
	5	3
	5	3
	5	2
	5	2
ע	5	5
ɫ	5	4
	5	4
	5	3
	5	5
	5	3
	5	4
P	5	1
	2	2
	5	5
м	5	5
	5	2
Խ	3	3
	3	3
	5	4
	5	5
	5	4
	5	3
	5	5
	5	4
	5	4
	5	1
	5	4
	5	2
	5	5
	5	4
	5	5
	5	4
	2	3
é	2	3
	5	4
˴	2	2
	5	4
Ѻ	5	5
	5	3
	2	2
	5	4
	5	4
	5	3
Ұ	2	2
	5	4
	5	4
	5	3
	5	4
	5	1
	5	3
	5	3
	5	3
	5	4
	5	3
Ү	5	2
	5	2
	5	4
	5	2
	5	4
	5	5
	5	3
	3	2
	5	4
	5	2
	5	2
	5	3
	5	3
	5	5
	1	3
	5	3
	5	3
	5	5
	5	5
	5	2
	5	4
	5	4
	5	3
	5	3
	5	4
	5	2
ɲ	5	4
	5	3
	4	3
	5	4
	5	2
	3	2
	5	1
	5	2
	5	3
	5	4
	5	3
	5	5
	5	4
̰	5	4
	5	4
	5	4
	5	2
ܢ	5	4
	5	3
˧	2	2
	5	3
	5	4
޻	5	4
	5	3
հ	5	2
ʵ	5	4
A	5	1
	5	3
ʯ	2	2
	5	1
	5	5
	5	3
	1	2
	5	4
	5	3
	5	4
	5	4
	5	3
ݬ	5	3
	5	4
	5	4
Ф	1	2
	5	4
	5	3
	5	3
פ	5	4
٫	5	2
	5	3
	5	3
	1	2
	5	4
	5	3
ߣ	5	3
	5	2
	2	2
	5	3
	5	4
	4	3
	5	3
	1	2
	5	3
	5	3
	5	2
	5	4
	5	1
	5	4
	5	4
	5	4
	5	3
	5	3
	5	2
	5	3
	5	1
	3	2
޷	5	4
	5	3
	2	2
	5	4
	5	4
	5	4
ף	3	3
	5	2
	1	2
	5	4
	5	4
	5	4
	5	3
	5	3
	5	3
	5	3
	2	2
	5	4
	5	1
	5	2
	5	4
ɱ	5	5
	5	4
̱	5	4
	5	4
	5	5
	5	2
	5	2
	1	2
	5	5
	5	3
	5	3
	5	4
	1	2
Ϧ	4	2
	2	1
	5	4
	5	5
	5	4
	5	3
	5	2
	2	3
	5	4
	5	2
	5	1
	5	4
կ	5	3
ϵ	5	5
	5	4
	5	5
	5	2
	5	3
	5	3
	5	3
Ϲ	5	3
٬	5	3
	5	4
	5	4
	5	4
	5	2
	3	3
	5	4
	5	4
	5	4
	5	4
	5	4
	5	4
	5	4
	5	4
	5	4
	5	1
	5	4
	5	1
	5	4
	5	2
	5	2
	5	4
	5	3
	5	4
	5	4
٣	5	3
	5	2
ɷ	5	4
˩	5	2
	5	4
	5	3
Ы	5	4
	5	4
¥	3	3
	5	2
	3	2
	5	3
	5	4
	5	2
	5	2
ս	4	3
	5	3
	5	5
	5	1
	5	4
	5	5
	5	2
	5	3
	5	4
	3	3
	5	1
	5	3
	5	3
	5	4
	5	4
	5	4
	5	3
	2	2
	5	3
	5	4
	5	2
	5	4
	5	4
	2	2
	5	2
	5	4
	5	2
	5	4
	5	2
	5	3
	5	2
	5	4
ƾ	5	4
	5	1
	5	4
	1	2
	5	4
	5	3
	1	3
	5	3
	5	3
	5	4
ߥ	5	4
	5	3
	5	2
	5	4
	5	3
	5	4
	5	4
	2	3
ץ	5	5
	5	5
	5	4
ų	5	4
	5	5
	5	3
	5	4
	2	2
	4	3
	2	2
ӧ	5	2
	5	3
	5	4
	5	3
	5	4
	5	3
	5	3
	5	3
	5	5
	5	3
	5	4
	5	4
	5	4
	1	2
	5	4
	5	4
¹	2	2
׮	5	4
	5	4
	5	4
	5	2
	5	3
	5	2
	5	4
α	5	4
	5	3
	5	1
	4	4
˷	5	2
	5	2
	5	2
Ǭ	1	2
	5	4
	5	3
	5	3
	5	3
	5	3
	5	2
	5	4
ۭ	2	2
	5	2
ڸ	5	5
	5	3
	5	2
	5	4
	5	5
	5	3
	5	2
	5	3
ӽ	5	1
	5	2
	5	2
	5	4
	5	4
	5	2
	5	2
	5	4
	2	2
	5	4
	5	4
	5	2
	5	4
	5	4
	5	4
	5	3
	2	3
ġ	5	4
	5	4
	5	3
	5	2
	5	4
	5	3
	5	4
	5	3
	5	3
	5	3
	5	2
	5	3
	5	3
	5	3
ܰ	5	2
	5	5
	5	1
	5	4
	5	4
	5	3
	5	5
	5	4
	5	4
	5	4
	5	3
	4	4
	5	4
	5	3
	2	2
	3	2
	5	2
	5	3
	5	3
	5	3
	5	4
	5	5
	5	3
	5	1
	5	5
	5	5
	5	3
	5	1
	5	2
	5	3
	5	2
	5	2
	5	3
	5	5
	5	5
	5	4
	5	1
	5	4
Ӻ	1	2
	5	2
	5	3
	1	2
	2	2
	5	5
׬	5	4
	5	3
Ѹ	5	2
I	5	1
	5	3
	5	5
	5	2
	5	5
ʽ	5	4
	5	4
	5	3
	5	4
Ÿ	5	2
	5	4
	3	2
	5	3
	5	4
¿	5	3
ȭ	5	4
	5	5
	5	2
	5	3
	5	4
	5	3
٭	5	3
	5	3
	5	3
	5	3
	5	1
	5	3
ڻ	5	3
ݩ	5	4
	5	3
	5	4
	5	3
	5	5
۶	5	4
	2	2
	5	3
	5	5
	5	4
	5	3
ު	5	3
ӯ	2	2
	5	4
	5	2
	5	1
	5	4
	5	4
	5	2
	5	3
	5	2
	5	3
	5	3
ʡ	5	4
	5	4
	5	2
	5	1
ۻ	5	3
	5	4
ɦ	5	4
	5	3
ݤ	5	4
	5	2
ʩ	2	2
	5	3
	5	2
	5	3
	5	2
	5	3
	1	2
	5	3
غ	5	4
	5	2
	5	5
	5	3
	5	3
	5	4
	5	1
	5	2
	5	5
	2	3
	5	5
ι	5	4
	5	3
	5	3
Ư	5	3
	5	4
	5	3
	5	2
	5	1
	5	2
	3	4
	1	2
	5	2
	5	4
	5	4
	5	4
	5	4
	5	5
	5	3
	5	4
	5	3
	5	2
	5	4
	5	4
͵	5	5
	5	3
	1	2
	5	5
۹	5	3
	5	4
	5	4
	5	1
	5	3
	5	4
	5	4
	5	4
Χ	5	5
Ԫ	3	2
	5	3
	5	2
	5	4
	5	5
	5	3
	5	3
	5	3
	5	3
	5	1
	5	4
	5	3
	5	3
	5	3
	5	1
	5	3
	1	2
	5	1
	5	4
	5	4
	5	2
ν	5	4
Ȯ	5	3
	4	3
	5	2
	5	4
	1	2
բ	5	4
	5	3
	5	3
{	5	1
Ϯ	4	4
	5	4
	5	2
	5	5
	5	4
	5	3
Ǧ	5	4
	1	2
	5	1
	5	2
	5	3
	5	2
	5	2
	5	2
ǫ	5	2
	5	4
	5	4
	3	2
	5	4
	5	2
	5	2
	5	3
	5	4
	5	3
	5	5
	5	4
	5	4
	5	4
ˮ	3	3
	5	4
	5	2
	5	3
߽	5	3
	5	4
	5	4
	5	4
	5	4
̩	2	2
	5	4
	5	3
ټ	5	2
ذ	5	4
ƹ	5	4
	5	3
	5	3
	5	4
	5	3
ϱ	5	4
	2	3
	3	3
	5	4
	2	3
	5	4
	5	3
ĵ	5	3
	5	4
	5	4
	5	5
	5	3
	5	3
	5	1
	5	3
	4	4
	5	1
	5	3
	3	2
	5	3
	5	4
	5	4
ű	5	4
	5	3
	5	4
	5	2
ŧ	5	4
	5	3
ެ	5	3
	5	3
ɹ	5	4
	5	5
	5	1
	5	3
	5	4
	5	3
	5	3
	5	4
	5	2
	5	1
ȡ	5	4
	5	4
	5	2
	5	3
	5	3
	5	2
	5	4
	5	4
ǯ	5	4
	5	3
	5	3
ڮ	5	5
	5	2
	5	2
	5	2
	5	4
	5	1
	5	3
ſ	5	4
	3	3
	5	4
խ	5	4
	5	5
ߵ	5	4
	2	2
޽	5	3
	5	4
	2	2
	5	4
	5	4
	5	3
	5	4
	5	2
	5	5
	5	4
	5	3
	5	3
	5	5
	5	1
	5	3
	5	4
	5	5
	2	2
	5	2
	3	3
	5	3
ک	5	4
	5	4
	5	5
ʤ	5	2
	5	2
	5	4
	5	3
	5	1
	5	3
	5	4
	5	3
	5	4
	5	3
	5	4
	5	3
	5	5
	5	4
	5	2
	5	2
	5	2
	5	4
	5	5
	5	4
	5	2
	5	3
	5	2
	5	5
	5	3
	5	3
	5	2
	5	3
	5	3
	5	4
	5	4
	5	2
	5	3
	3	4
ܭ	5	1
	5	4
	5	2
ӹ	5	2
	5	4
	5	5
	5	5
	5	4
	5	2
	2	2
	5	4
	5	3
	5	4
	5	4
ƶ	5	4
	5	4
	5	2
	5	3
	5	4
	5	2
ܤ	5	2
	5	3
Ƶ	5	4
ť	2	3
	5	1
	5	3
ҧ	5	3
	5	4
	5	3
	5	3
	5	3
٪	5	3
	1	2
	5	4
	5	2
	5	5
	5	3
	3	3
	5	1
	5	3
	1	2
	5	2
߿	5	4
	5	3
	5	4
	5	3
	5	3
	2	1
	2	2
	5	3
е	5	5
	4	4
	2	2
	5	4
	5	4
	5	4
	5	4
	5	4
	5	4
	5	1
	5	4
	5	3
	5	3
	2	2
	5	2
ٴ	5	3
	5	5
	5	2
	5	3
	1	2
	4	3
	5	2
	5	4
	3	2
	5	4
	5	4
°	5	4
	5	4
	5	1
	5	2
	5	5
	5	4
	5	3
	5	4
	2	2
	5	3
	2	2
	5	4
	5	1
	5	2
	5	4
	3	2
	5	3
	5	3
	5	3
Ԣ	5	4
	5	3
	5	3
إ	5	4
	5	4
	5	2
	5	4
	5	3
	5	2
	5	4
	5	4
	2	2
	5	2
	5	4
	5	2
	5	4
	5	2
	5	2
	5	3
Ю	5	5
¼	5	3
	5	1
Ť	5	5
	5	2
	5	2
۴	5	3
	5	3
	1	2
	5	3
	5	3
	5	1
	5	4
	5	4
ϫ	5	1
	5	2
	3	2
	5	4
	5	3
Y	5	1
	5	3
	5	4
	5	3
	5	3
	5	4
	5	4
	5	3
	5	2
	5	4
	5	4
	5	3
	5	2
	5	4
	5	5
߶	5	4
	5	3
о	5	2
	5	4
	5	3
	5	4
	5	3
	5	3
	5	4
	5	3
	5	4
	5	3
¦	1	2
ȷ	5	4
h	5	1
	5	3
	2	3
	5	3
	5	2
̭	5	4
	5	4
	5	3
	5	4
ɣ	2	2
	2	2
	5	2
ޯ	5	3
	5	2
ֶ	5	4
	5	3
	5	5
	5	4
	5	3
ݷ	2	2
	5	4
	5	4
ص	5	3
	3	3
Ӹ	5	4
	5	5
	5	3
	5	3
ů	5	4
	5	3
	5	2
	5	4
	5	5
	5	3
	5	5
	5	3
Ԩ	5	2
	5	5
˲	5	4
	5	4
	5	3
	5	5
	5	3
	5	3
	5	4
»	2	2
	5	3
	5	3
	2	3
	5	4
ǲ	5	4
	2	4
޿	5	1
	5	4
	5	3
	5	1
	5	2
	5	5
	5	4
	5	2
	5	3
v	5	1
	5	3
л	2	3
	5	2
	5	3
	5	4
	3	3
ʸ	5	3
	5	3
	5	2
	5	3
ȿ	5	4
	5	3
	5	4
	5	1
	5	2
	5	3
	5	3
	2	2
	5	2
	5	3
þ	5	2
	5	3
	5	4
	5	2
	5	4
	5	3
	5	2
ѯ	5	4
	5	1
	5	1
	5	4
	5	4
	5	4
	5	4
	5	4
	5	2
	5	3
	5	1
	5	4
	5	3
	5	4
	5	4
	5	5
	5	3
ѫ	5	2
	5	5
	5	4
	3	3
	5	4
	3	3
Ǵ	5	4
ѻ	5	3
	1	3
	5	3
	3	3
	5	3
	3	2
	1	2
V	5	1
	5	1
	5	3
	5	3
	5	4
	5	3
	5	5
	5	3
	5	2
	5	2
	5	3
	5	1
ϯ	2	3
	5	2
	5	3
ʰ	5	4
	5	2
	5	4
	5	3
	5	4
	5	2
	5	3
	2	2
	5	3
	5	3
	5	4
	5	4
	5	4
	5	2
ݣ	5	1
	5	3
	5	3
	5	4
	5	5
	5	3
	5	4
	5	3
	5	2
	5	4
	5	2
	5	4
	5	5
	5	2
	5	5
Ĵ	5	4
ߧ	5	3
ղ	1	2
	5	5
	5	3
	5	3
	5	4
	5	4
	5	1
	5	3
	5	4
	5	4
	5	2
	5	4
	5	5
	5	4
	5	3
	5	3
	5	1
	5	2
	5	3
	5	4
	5	4
	5	3
	5	3
	5	5
Ӣ	3	2
	5	3
	5	2
	5	3
Ƽ	5	1
	5	4
ת	5	5
	5	1
	5	3
	5	4
	5	2
ͽ	5	2
	5	3
	5	4
	5	4
	5	2
	5	4
	5	3
	5	2
	2	2
	5	3
	2	2
Ȣ	5	5
ͯ	2	2
	5	4
	5	4
	5	1
	5	4
	5	3
	5	3
	5	5
	5	3
	5	2
Ω	5	2
ޫ	5	3
	5	4
	5	4
	5	3
	5	4
	5	2
	5	4
	5	4
	5	3
	5	4
Ʋ	5	4
	5	3
	5	3
	5	5
	5	4
Ϥ	5	4
ھ	5	3
	5	4
	5	4
	5	4
	5	3
	5	3
ڶ	5	4
	5	4
	5	2
	5	2
ڦ	5	3
	5	4
	5	3
	2	3
	5	3
	5	4
	5	4
	5	4
	5	4
ر	5	3
	5	2
	5	3
˭	5	5
	3	2
	5	4
ʲ	5	3
ѡ	5	4
ӫ	5	3
	5	3
γ	5	2
	5	3
	5	3
ܽ	5	2
	5	3
	5	4
	5	4
ع	1	1
ӡ	3	3
	2	2
	5	3
	5	4
â	3	2
	5	4
	5	2
	5	3
	5	4
	2	3
	5	5
	5	2
	5	5
	2	3
	5	3
	5	3
	5	3
	5	1
	5	3
ۮ	5	2
	5	3
	5	3
	3	2
	5	4
	5	2
	5	3
	5	4
	5	3
	5	2
	5	3
	5	3
	5	5
	1	5
	5	4
	5	2
	5	4
	5	3
	5	5
	5	4
	5	2
	5	4
	5	4
	2	2
	5	3
	5	1
	5	3
v	5	1
Ѩ	5	4
	5	4
	5	5
	5	2
	5	3
	5	2
	1	2
	1	2
Ȩ	2	2
	5	4
	5	2
	5	4
	5	3
	5	1
	5	3
Ţ	5	3
	5	2
	5	3
	5	4
	5	4
	5	3
	5	4
	5	4
Ҷ	1	2
	5	3
	5	4
	5	2
	5	1
	5	4
	5	4
	5	3
	5	2
Ӧ	3	3
	5	3
	5	2
	5	3
ī	2	2
	5	2
	5	3
˸	5	3
	5	4
	4	3
	5	4
	2	3
ܣ	5	4
	5	4
ɪ	5	2
	5	4
	5	5
	5	3
	5	3
	5	2
f	5	1
	5	4
	3	3
	5	2
	5	3
	5	1
	5	4
	5	4
	5	4
	5	3
	5	3
	5	3
	1	2
	5	4
	5	5
	3	2
	5	2
ͪ	5	4
	5	5
	5	2
ϩ	5	3
	5	3
Ƨ	5	4
	5	4
	5	1
	5	4
	5	3
	5	3
	5	3
	5	4
	5	2
	5	4
	5	3
	5	3
	5	3
	2	2
׳	5	2
	5	3
	5	1
ɥ	5	4
	5	5
ë	2	2
	5	4
	5	2
	5	3
	5	5
	5	2
	5	4
	5	2
	5	1
	5	5
	5	2
	5	4
	5	3
ب	5	3
	5	2
	5	3
	5	4
	5	4
	3	4
	5	5
	5	3
	5	3
	5	3
	5	1
	5	5
	5	2
V	5	1
	2	2
	5	3
	5	4
	5	4
	5	3
߫	5	4
	5	3
	5	4
	5	4
ó	5	4
Ĭ	5	2
	5	4
	5	4
	5	3
ż	5	4
	5	5
	5	2
	5	4
	5	4
	5	3
	5	3
Τ	1	2
	5	2
	5	4
	5	4
Ħ	2	2
ծ	5	4
	1	2
	5	3
	5	3
֧	4	4
	5	3
	5	3
	5	4
	2	2
ҽ	5	3
	2	3
	5	3
	5	2
	5	4
	5	4
	2	2
	5	5
Գ	5	3
	5	4
Ƕ	5	4
	5	4
æ	5	4
	5	2
	5	5
	1	2
	5	4
̽	5	4
	5	4
	3	3
õ	5	2
	5	2
	3	3
	5	4
	5	2
	2	2
	5	2
;	5	3
	5	3
	5	3
	1	2
	5	4
ɴ	5	4
	3	3
̴	2	3
	5	3
	5	2
ʧ	5	5
	5	3
	5	4
	5	4
	5	4
	5	4
	5	3
	3	3
	3	3
	2	3
	5	3
	5	4
	5	4
	5	3
	5	2
	1	2
	5	4
	5	3
	5	3
	5	2
	5	4
	5	4
	5	2
	5	4
	5	4
	5	4
	3	3
	5	3
	5	4
	5	4
	5	1
	2	3
	5	1
	5	3
	5	3
ۧ	5	2
	5	3
	5	3
	5	4
Ѫ	5	4
	5	3
	5	4
	4	3
	5	4
а	5	2
	5	4
	5	4
	4	4
	2	2
١	1	2
	5	4
	5	3
	5	2
	5	4
Ԯ	5	3
	1	2
ٸ	5	4
	5	3
	1	3
	5	1
	5	1
	5	3
	5	5
ط	5	1
	5	2
	5	2
u	5	1
	5	3
	5	3
	5	3
ͮ	2	1
͸	5	4
	5	3
	5	3
	5	3
	1	2
ԭ	4	3
͹	5	3
	5	2
	5	3
	5	3
	5	3
	5	4
	5	4
	5	5
	5	3
	5	2
Ŀ	5	4
	5	3
	5	4
	5	3
	5	2
	5	2
	5	4
	2	3
	5	4
	5	5
	1	2
	5	5
	5	4
	5	3
	5	4
	5	2
	5	3
	5	3
	5	1
	5	3
	5	5
	5	1
	5	4
	5	3
	5	5
	5	3
	3	3
}	5	5
	3	3
ڳ	5	3
	5	3
	5	3
	5	4
	5	4
	5	4
	2	2
	5	3
	5	4
Ϋ	5	3
	5	3
	2	2
	5	3
Ѵ	5	3
	5	3
	5	4
	5	4
	5	3
ګ	5	3
	5	4
	5	3
	5	2
	5	4
	5	4
	3	2
	2	2
ˢ	5	4
	5	3
	5	3
	5	4
	5	4
	5	1
	5	3
ǿ	2	2
	5	3
	5	4
	5	4
	5	3
	5	2
	5	3
	5	5
	5	2
	5	3
ˬ	5	2
	1	2
	5	3
	5	3
ӻ	5	4
	5	5
	5	2
	5	2
	5	4
	5	4
	5	3
	5	4
	5	3
	5	3
	3	3
	5	3
ޥ	5	1
	5	4
\	5	1
	5	4
	5	4
	5	3
	5	3
	5	4
	5	2
Ģ	5	4
	5	4
	5	2
	2	2
	5	2
ݨ	5	3
	5	4
	5	2
	5	5
	5	2
	5	3
	5	4
	5	3
	5	4
	5	2
	5	5
	5	3
	5	3
	5	4
	5	2
	5	3
ͬ	4	3
	5	2
	5	4
	1	2
	5	4
	5	4
	5	4
	5	3
	5	3
½	1	3
״	5	4
	5	4
	5	4
	5	4
	5	2
ƽ	3	2
	5	2
	5	4
	5	5
	5	2
	5	4
	5	4
	5	5
	5	3
	5	3
	5	3
	5	3
	5	3
	2	3
	5	4
	5	3
	5	4
	5	5
	5	4
	5	2
	3	2
	5	3
ֻ	5	5
	5	3
	5	4
	5	2
	5	4
	5	4
	5	4
	5	4
	5	4
	5	4
	3	3
	5	4
	5	3
	5	3
	5	4
	5	4
	5	4
	5	5
ت	5	3
	5	3
֫	5	5
	5	3
ӵ	5	4
	5	4
	5	4
	5	4
	5	3
	5	4
	5	2
	5	3
	5	3
	2	2
	5	5
	5	3
Բ	5	2
	2	2
Ӵ	5	4
	5	2
	5	2
	5	4
г	5	4
	5	1
	5	4
	5	3
в	5	4
	5	2
	5	3
	5	2
	5	4
	2	3
	5	4
	5	4
ʶ	5	4
	5	3
	5	4
	5	5
	5	4
	5	4
	5	4
ȼ	5	4
ס	5	4
	2	2
	5	4
ʮ	5	4
	5	5
	5	4
ɾ	5	3
	5	4
	5	4
	5	4
	5	2
	5	3
	5	2
	5	5
	5	3
	5	4
	5	5
	5	4
	5	3
̫	5	3
	3	2
	5	4
	5	4
	5	3
	5	3
	2	3
	4	3
	5	1
	5	3
	5	3
	5	3
	5	2
	5	4
ͦ	5	3
	5	4
	5	1
	5	4
	5	4
	5	4
	5	3
	5	5
	1	2
	5	5
߾	5	3
	5	5
	5	3
	5	2
	4	4
	5	3
	5	4
ǭ	5	2
	1	2
	2	2
ޡ	5	2
	1	2
	5	3
è	5	2
ݴ	5	2
	5	4
	5	3
	5	5
أ	5	3
	5	4
	5	2
	5	4
	5	4
	5	1
H	5	1
	5	5
	5	3
ƿ	5	4
	5	4
Ш	5	4
	2	2
	5	3
κ	1	2
	5	5
	5	4
	5	4
	5	4
	5	4
	5	2
	5	3
	4	4
	5	1
	5	2
	3	3
	5	3
	5	2
	5	1
	5	4
	5	3
	5	1
	5	3
	5	3
	2	2
ѽ	5	5
P	5	1
	5	3
	5	4
	5	3
	3	3
ܬ	5	3
	5	4
	5	5
ʱ	4	4
	3	2
	5	3
	5	3
M	5	1
	5	3
	5	5
	5	3
a	5	1
	5	3
	5	2
	5	5
	5	4
Ѯ	5	3
	5	4
	5	4
	3	4
	5	2
	5	4
	5	3
	2	2
	5	3
	5	4
	2	2
	5	4
	5	4
	5	4
	4	4
	5	2
	5	3
	5	1
	5	2
	5	4
	5	3
	5	4
	5	4
˰	4	5
	5	4
	5	4
	5	5
	2	3
Ȱ	5	4
	5	4
	5	3
	5	4
	5	3
	5	2
	3	2
٢	5	1
ױ	5	4
	5	3
̣	5	4
	3	3
	5	5
	5	2
̢	5	4
	5	4
	5	3
	5	3
	5	4
	1	2
	5	2
	5	3
	5	5
ô	5	5
	5	2
	5	1
	5	3
	3	3
	5	4
	5	4
	5	5
	5	3
	5	2
	3	2
g	5	1
	5	3
	5	3
	5	2
	5	3
	5	1
ɺ	5	1
	5	1
	5	3
	5	4
	5	2
	5	3
	5	4
ڷ	5	2
	5	5
	5	4
	5	3
	5	3
	5	4
	5	4
	5	2
ʨ	5	3
	5	4
	5	3
	2	2
	5	3
	3	3
	5	3
	5	3
	5	2
	5	4
	5	4
	5	4
	5	4
	5	5
	5	3
	5	4
	5	3
	5	4
	5	3
	5	3
	2	2
	5	1
	5	2
	5	4
׸	5	3
	5	4
	5	3
	5	4
	5	2
	4	3
	5	2
	5	2
ʀ	5	1
϶	5	4
	5	3
	5	2
	5	4
	5	5
	5	5
	5	3
Ң	2	1
۱	5	3
	5	4
	5	2
	5	3
	5	2
ҥ	5	3
	5	2
̡	5	4
	5	4
ض	5	4
	5	4
	5	4
	5	4
	5	1
	5	3
	5	4
	5	4
	5	5
Ϣ	5	5
	5	4
	5	3
	5	3
	5	4
	5	4
ȩ	5	4
	5	2
	5	1
	5	2
ߗ	5	1
	5	5
	5	3
ͻ	5	5
	5	3
	5	4
	5	3
	5	4
	5	2
	5	4
	5	2
	5	3
	5	3
	5	4
	5	3
J	5	1
	5	4
	1	2
Ԥ	5	5
	5	3
޴	5	3
	5	2
	5	3
	5	3
	1	2
	5	5
	5	4
޹	5	2
	5	4
	5	4
	5	2
	5	3
	5	2
	5	4
	5	3
	5	3
	5	3
	5	3
	5	3
	5	3
԰	5	3
	5	1
	1	3
Ҹ	5	4
	5	2
	5	2
	2	2
ݥ	5	2
	5	1
	5	4
·	3	3
	1	3
	5	5
	5	3
	5	5
	5	3
	5	3
	5	5
	5	4
	5	3
	5	4
	5	3
	5	5
	5	4
	5	4
	1	2
	5	3
	5	3
	5	3
	5	3
	5	3
и	5	5
	5	3
	5	4
	5	3
	5	3
ݲ	5	3
	5	5
	5	4
	5	4
	5	4
	5	3
Ǻ	5	4
	5	3
	5	5
	5	4
	5	4
	5	2
	5	3
	5	4
	5	3
վ	5	4
Ϸ	5	5
	2	2
	5	4
	5	3
	5	3
	5	5
	5	4
	5	4
	5	3
	5	2
	5	4
	5	2
ߺ	5	4
	5	3
ϳ	5	3
	5	4
	5	5
	5	4
	5	4
	5	5
	5	3
	4	3
	2	2
	5	2
	4	4
ѱ	5	4
	5	3
θ	5	4
	5	4
	5	3
	5	3
ڰ	5	4
	5	4
	5	4
	5	5
	1	2
	2	2
	5	4
	5	5
	5	4
	5	3
	5	2
	5	4
	5	2
	5	3
٦	3	2
	2	2
	5	4
	5	5
	5	3
ǥ	5	3
	5	4
	5	3
	5	3
	5	4
	5	4
	5	3
	5	3
	5	3
	1	2
	5	3
	5	5
	5	1
¨	5	4
	5	4
	5	3
	5	4
	1	2
	5	4
î	3	3
	5	3
	1	2
գ	5	5
	5	4
	5	3
	5	3
	5	4
	5	4
	5	4
	5	2
	5	3
	5	3
	5	3
ɮ	3	2
	5	3
ۥ	5	2
	5	4
	5	3
	5	5
	5	4
	5	2
	5	3
	4	3
	5	4
	5	4
	5	4
	5	3
	5	5
	5	3
	4	5
	5	4
	5	3
	5	3
	5	3
	5	4
	5	3
	5	3
	5	4
	5	5
٩	5	2
	5	5
	5	4
	5	4
	2	3
	2	2
	5	4
	3	3
	5	4
	5	5
ƻ	5	3
	5	2
	5	1
	2	2
	5	4
	5	3
	5	4
Ĳ	1	2
	5	3
	5	3
	5	2
	3	3
	5	3
	5	2
	5	5
	5	4
	5	4
	5	5
	5	2
	5	4
	5	2
	5	4
	5	3
	5	4
	5	4
	5	5
	5	3
	5	4
	5	4
	5	2
ظ	5	1
	5	4
	5	4
	5	3
	5	3
	5	3
	5	3
	5	2
	5	2
	5	4
	5	4
Ȥ	5	4
	2	2
	5	5
	5	3
	5	4
	5	3
	5	2
	5	2
	5	4
	5	3
	5	3
	5	4
	3	3
	4	3
	5	4
d	5	1
	5	3
	5	3
	5	3
	5	2
	5	3
	5	4
	5	3
	5	5
	5	4
	5	2
	5	1
	1	2
	5	2
ۤ	5	1
	5	4
	5	4
	5	4
	3	3
	5	4
	5	1
	5	4
	5	3
̦	5	3
	5	5
	5	2
ǡ	5	3
	2	2
	5	4
	5	4
	5	4
	5	3
	4	3
	5	4
	5	3
ڲ	5	4
	5	2
	1	2
	3	3
	5	4
ũ	3	3
	5	3
	5	4
	5	4
	5	4
	5	5
	5	2
	3	2
	2	2
	5	2
	5	2
	5	4
ش	5	4
	5	3
	5	1
	5	3
	5	3
Ҧ	1	2
٧	5	2
	5	3
	5	2
	5	3
	5	2
	5	5
׽	5	5
ƨ	5	3
һ	5	4
	5	3
	1	2
	5	4
˨	5	3
	5	2
	5	3
	5	1
	5	4
	5	3
	5	4
	5	3
	5	1
	5	2
	5	2
	5	4
	5	5
	5	5
q	5	1
	5	2
	5	4
	2	3
	5	4
	5	1
	5	2
	5	4
	5	4
į	5	4
ɰ	5	3
ܮ	5	3
	5	4
	5	4
	5	4
	5	4
	5	3
س	5	3
	5	2
	2	2
	5	3
	5	4
	3	3
	5	4
	5	4
	5	3
	5	4
	5	3
	5	2
	5	5
	5	2
	5	3
	5	3
	5	4
	5	4
	5	3
	5	4
	5	2
	1	2
	5	4
	5	5
	5	3
	2	3
Ƣ	5	4
	5	3
	1	1
	4	3
	3	2
	5	3
	5	2
	5	2
	5	2
	5	4
	5	4
	5	1
	5	3
	5	2
	5	4
ң	5	2
	3	4
	5	1
	5	5
±	5	4
	5	3
	5	5
	5	4
	2	2
	2	3
	5	1
	5	3
	5	4
	5	2
	5	4
	5	2
	5	3
ʾ	5	5
ӷ	5	4
	5	4
	5	5
	5	2
	5	1
	5	3
	5	3
	5	3
	5	3
Ȫ	3	2
	5	3
ܴ	5	3
	5	5
	5	2
	5	3
׹	5	4
	2	3
Ь	5	5
	5	1
	5	3
	5	2
	5	5
	5	4
	5	4
ҭ	5	5
	5	2
	2	3
ް	5	3
	5	2
	5	3
	2	2
	2	2
	5	3
	5	2
	1	2
	2	2
o	5	1
	2	2
	5	5
	5	3
	5	4
	2	2
	5	4
	1	2
	5	5
΢	5	3
	5	3
	5	4
	5	4
	5	5
	5	2
	2	2
	5	2
	5	2
	5	4
	5	1
ɨ	5	4
	5	4
	5	4
	5	3
	5	5
	5	3
	5	4
	5	4
	5	3
	2	3
ε	2	2
	5	3
	5	3
	5	2
	5	5
ѵ	5	3
	5	4
Ų	5	4
	3	2
	1	3
	5	5
	2	2
	5	3
	5	2
	5	3
	5	4
	5	4
	5	4
	5	3
	5	4
ѹ	5	4
	5	4
	5	3
	5	4
	3	4
	5	5
	5	4
	5	3
	5	2
	5	4
	5	3
Ʃ	5	4
	5	4
ɽ	3	2
	5	3
	5	4
	5	4
	5	3
º	5	2
	2	2
	1	2
	5	3
	5	3
	5	4
	5	3
	5	1
צ	5	3
	5	3
	5	3
̸	3	4
	5	2
	5	4
	5	5
	5	3
	5	2
	5	3
	5	3
آ	5	3
	5	3
	5	2
	5	3
ٯ	5	2
	5	4
	5	4
	2	2
	5	4
	5	4
	5	4
	5	2
	5	3
	5	1
	2	3
	2	3
	1	2
	2	3
	5	3
	5	2
	2	2
	5	3
	5	3
	5	4
	5	2
	5	4
	5	4
Ԭ	1	2
	5	3
	5	5
	5	5
	4	3
	5	5
֬	5	4
ԫ	5	2
	5	4
	5	3
	5	3
	5	3
s	5	1
	5	4
	5	3
	5	2
	5	3
	5	4
	5	1
	5	3
	5	4
	5	5
­	5	5
	5	3
ݡ	5	3
	5	5
	3	4
	5	4
	5	5
	5	4
	5	2
	5	3
	5	2
	5	2
	5	3
	5	1
	5	4
	3	2
	2	2
ܹ	5	2
	5	3
´	5	3
	5	2
	5	3
	5	3
	5	4
	5	2
	4	3
	5	3
	5	1
	5	3
	5	2
	2	3
	5	2
	5	1
	5	4
	5	5
	5	4
	5	4
׿	1	2
	5	3
	5	1
	5	4
	5	3
	1	2
	5	3
	5	3
	5	2
	5	4
	5	1
	5	3
	5	4
	5	2
	5	5
	5	4
	5	2
	5	1
	5	4
	1	2
ֹ	5	4
	5	3
	5	4
	5	3
ñ	5	4
	5	2
	5	3
	5	3
	5	2
	5	3
ջ	5	4
	5	3
	5	2
	5	3
	5	3
	5	3
	5	5
	5	3
	5	4
	5	4
	5	3
	5	4
P	5	1
	5	3
	5	5
	5	3
	5	3
ѳ	5	4
	5	3
Ʈ	5	2
	5	4
	5	4
	5	3
	2	2
	5	3
	5	4
	5	4
	5	2
ҵ	4	3
	5	4
	5	4
ӥ	5	2
	5	5
	5	5
	5	3
	5	1
	5	4
	5	4
	5	5
y	5	1
	5	3
ީ	5	3
	5	4
	5	4
	5	4
	5	5
	5	4
	5	5
	5	2
	5	2
	5	4
	5	5
	5	3
	5	2
	5	3
	2	3
	5	4
	5	4
	5	5
	5	3
	5	2
	5	3
	5	3
	5	3
	5	4
	5	4
	5	1
Ʀ	5	3
	1	2
	5	3
	5	3
	5	5
	5	4
	5	2
	5	2
	5	2
ʺ	5	3
	5	2
	5	2
	5	4
	5	4
	5	4
	5	4
	5	3
	5	3
	5	3
	5	2
	5	3
ì	5	4
	5	2
	5	4
	5	5
	5	2
	5	3
	2	2
	5	2
	5	2
	5	3
	5	2
	5	2
	5	2
	5	4
	5	4
	5	4
	5	3
	5	2
	5	4
	5	4
	5	2
	2	3
	5	2
	2	3
ٱ	5	3
	1	2
	5	4
չ	3	3
	5	3
	5	4
	5	3
ɡ	5	4
	2	2
	5	2
	5	3
	5	3
	5	3
	5	1
	5	5
	5	4
	5	4
	5	2
թ	5	5
	5	4
	2	2
ޢ	5	3
Ͱ	5	4
	5	2
	5	3
B	5	1
Ͼ	5	3
	5	3
ٹ	5	3
	5	3
	5	4
	5	2
	5	4
	5	2
	5	1
	5	1
	5	2
ù	5	3
	5	3
	5	3
ߡ	5	3
	2	2
	5	4
	5	4
	5	2
	2	2
	5	4
	5	3
	5	4
	5	4
	5	3
	5	4
	5	3
	5	4
	5	2
	5	4
	5	3
	5	4
̪	5	4
	5	3
	5	4
	5	4
	5	2
	5	3
	5	3
ð	4	4
	5	3
ҡ	5	3
	5	4
	5	3
	2	2
¤	5	3
	5	4
	5	1
	5	4
	5	4
	5	4
	5	4
	5	4
	5	2
£	5	4
	5	3
	5	3
ȴ	5	5
	5	3
	5	4
	5	4
	5	1
	5	3
	2	2
	5	3
	5	4
	2	2
	5	4
	5	4
	5	4
	5	1
	5	4
	5	1
ֵ	5	5
ѣ	5	3
	1	2
	5	3
	5	3
	5	4
	5	3
	5	4
	5	2
	5	4
	3	2
	5	4
	5	4
Ե	5	3
	5	4
	5	4
	5	3
	5	1
	5	4
	5	5
ƥ	5	3
ĳ	5	2
ʷ	2	3
۸	5	3
	5	4
	5	5
	5	3
	5	4
	5	3
	5	2
	5	5
	5	3
	5	4
	5	3
	5	4
	5	4
ݹ	5	3
	5	2
	5	4
	3	3
	3	3
	5	3
	2	2
ֳ	5	4
	5	4
	5	5
	2	3
ǣ	5	5
å	5	4
	5	4
	5	1
ϣ	2	2
	5	3
	5	3
	5	5
	5	5
	5	4
	5	3
	5	3
	5	4
	5	3
ο	5	4
	5	3
	5	5
	4	4
	5	3
	5	3
	5	4
	5	5
	3	3
	5	3
	5	4
ݯ	5	2
	5	3
ܾ	5	3
	5	2
	5	4
	5	4
	5	3
	5	2
	5	3
	5	4
ʒ	5	1
_	5	1
	5	4
	5	3
	5	4
	5	4
	5	3
	5	3
	5	3
	5	4
	2	2
	5	4
ϴ	5	4
	2	2
	5	4
	1	2
Υ	5	5
	5	4
	5	1
	5	2
	5	4
ե	5	5
	5	3
	5	3
	5	4
	5	1
	5	3
	5	3
	5	3
	5	4
	5	1
ֱ	5	3
	5	3
	5	2
	5	3
¬	1	2
	5	2
	5	4
	5	2
	5	4
	5	2
	5	3
	5	2
	5	4
	5	3
	1	2
	1	2
	5	4
	5	4
	5	3
	5	3
	5	4
	5	2
	5	4
	5	2
ۣ	2	3
	1	2
	5	3
	5	3
	5	3
	5	5
	5	5
	2	3
	5	5
	5	4
	5	3
	5	3
	5	2
	5	5
	5	3
	5	3
	5	2
	5	3
	5	3
	5	2
	5	4
	3	3
	2	2
ۢ	1	2
ޣ	5	3
	3	3
	5	4
	2	2
	5	1
	5	3
	2	2
	5	4
	5	4
	5	4
	5	2
	5	2
ֿ	5	3
	5	4
	5	1
	2	3
	5	4
	5	4
	5	4
	2	2
	5	3
	5	4
Ѭ	5	2
	5	2
	5	4
Ϩ	5	5
	2	1
	5	4
	5	3
	5	5
	5	3
	1	2
	5	4
	5	4
ͨ	4	3
	5	4
	5	3
	5	3
	5	4
	5	3
ơ	5	4
	5	5
	5	1
	5	2
	5	2
	2	2
	5	1
	5	3
	5	2
Ž	5	3
F	5	1
	5	4
ܫ	5	3
	5	3
	5	3
	5	3
	5	1
	5	2
ַ	5	5
	5	2
	5	4
	5	5
	5	4
	3	2
	5	5
	5	2
	3	2
	5	3
	5	4
	5	1
	5	2
	3	3
	5	4
	5	4
ٽ	5	3
	2	2
	5	4
	5	4
	5	3
Ȳ	5	3
	5	3
ǵ	5	4
	5	3
	5	4
	5	4
ȸ	4	3
	5	3
	3	2
	5	3
	5	2
	5	2
	5	4
	5	2
	5	3
տ	2	2
	5	4
	5	4
	5	3
	5	3
	5	2
	5	3
	5	4
	5	1
	5	5
	5	4
	2	2
	5	4
	3	1
	5	4
ӳ	5	2
	5	5
	5	4
	5	5
	5	4
	5	4
	3	2
	5	2
	5	3
	5	2
	3	3
	5	2
	5	4
	5	3
Ρ	5	2
	3	3
Ⱥ	5	2
	5	5
	5	2
լ	5	3
á	5	4
Լ	5	3
	5	4
	5	3
	5	3
	5	2
	5	5
	5	4
	5	2
	5	3
	5	2
	5	5
	5	4
	5	2
	5	3
	5	4
	5	4
	5	4
	5	3
	4	4
	5	3
	5	2
	5	2
Ѧ	1	2
	4	4
	2	2
	5	1
	5	4
	5	4
Ѳ	5	4
	5	4
Ҥ	5	3
	5	3
	5	4
	5	3
	5	4
	5	2
o	5	1
	5	5
ѿ	5	2
	5	3
	5	4
	5	3
	5	4
	5	2
	5	3
	5	3
	5	4
	1	2
	5	3
	5	4
	1	2
	5	2
	5	3
	5	4
	5	4
	5	1
	5	3
	5	5
	3	3
	3	2
	5	3
	5	4
	5	3
Q	5	1
	5	3
	5	4
	5	2
	4	3
	5	1
	5	3
Ѥ	5	3
	5	4
	5	3
	5	4
	4	3
	5	3
۳	1	2
	2	3
շ	5	5
	5	3
	5	3
	5	5
	5	4
	5	4
	5	3
	5	4
	5	4
	5	3
	5	4
	5	3
	5	4
	5	5
	5	3
ݱ	5	3
	5	4
Ķ	5	4
	2	2
	5	4
	5	2
	5	4
	5	4
	2	3
ʼ	5	3
մ	5	4
	2	2
	2	3
	5	4
Ϭ	5	3
	5	4
	5	4
Ʒ	5	3
	5	1
	5	3
	5	3
	1	2
	5	4
֪	5	4
	5	5
	5	3
	5	3
	5	4
	5	4
	5	3
̻	5	3
	2	2
̲	5	4
Ȼ	5	3
	1	2
	5	2
ܱ	5	5
Ƿ	5	4
	2	1
	5	3
	5	4
	5	3
	5	4
	5	4
	5	4
	5	4
	5	3
	5	3
	5	1
	5	4
	5	2
	5	3
	5	3
	5	3
Ƴ	5	3
	5	3
	5	2
Ч	5	3
	5	4
	5	2
	5	3
	5	4
	5	3
	5	4
	5	3
	5	1
	5	3
	5	2
	5	3
	5	4
	5	3
	5	4
	5	3
	5	2
	3	3
	5	4
	5	2
ܼ	5	2
	5	4
	5	2
	5	4
	5	4
Կ	5	4
	5	3
	5	3
	3	4
	5	4
	5	4
	5	4
	2	2
ֽ	5	4
˥	5	3
	5	2
	5	2
	5	2
	5	4
	5	3
	5	2
	5	3
	5	3
	5	2
	5	4
У	5	4
	5	4
	5	3
	5	4
	5	4
	5	3
ڼ	5	3
	5	3
	5	3
	5	4
	5	3
	5	2
ɤ	5	4
	5	4
	5	1
	5	3
ļ	5	5
	5	3
	5	3
	1	2
	5	2
	5	5
	5	5
֨	5	4
	5	4
b	5	1
	5	1
	5	3
	5	3
	5	4
	2	2
i	5	1
	5	1
	1	2
	5	2
	5	3
	5	3
ߪ	5	3
	5	4
	5	3
	5	4
	5	3
	4	4
	5	5
	5	3
	5	2
	5	3
	5	2
	5	5
	5	4
	5	4
	5	5
	5	2
	5	4
	2	2
ͼ	5	3
	5	2
	5	5
	5	4
	5	3
	5	1
	5	1
ɯ	5	1
	5	4
	5	3
	5	1
	5	3
	3	3
	5	5
	5	1
	5	2
	5	4
	5	2
	5	3
	5	4
	5	5
ί	5	3
	5	1
	5	4
	5	4
	5	2
	5	5
Т	2	2
	5	3
	5	4
	5	4
ĩ	5	4
	5	2
ѥ	5	4
	5	1
	5	5
	5	2
	5	3
	5	4
	5	4
ں	5	3
	5	5
	5	4
	5	4
	5	3
	5	2
	1	2
	5	1
	5	5
	5	5
	5	4
	5	3
	5	3
	5	3
	5	3
	5	4
	5	4
	3	3
	5	1
	5	4
	5	4
	5	4
	5	4
	3	4
	3	3
	5	2
	5	4
Ѱ	5	3
	3	2
ݧ	5	3
	5	5
	5	3
	5	3
	5	4
Ϻ	5	3
	5	3
	5	3
	5	4
	5	3
	5	3
ħ	5	3
	5	2
	5	4
	5	2
߮	5	2
	5	3
	5	1
	5	4
	5	2
	5	2
ަ	5	3
	5	3
	5	3
	5	4
	5	4
T	5	1
	5	4
	5	5
	5	4
	5	3
	5	3
	5	4
	5	3
	5	3
	5	2
	5	4
	5	3
ǽ	5	4
	5	4
	5	3
	5	2
	5	3
	5	4
	5	3
	5	3
	5	4
	2	2
	5	2
	5	4
б	5	4
	5	3
	5	3
ƺ	5	2
	2	3
	5	3
	3	3
	5	4
	5	3
ޱ	5	1
	5	3
۩	5	2
S	5	1
	5	3
	5	4
	5	4
	5	4
	3	3
	3	2
	3	3
	5	3
	5	5
	5	4
	5	2
	5	4
	5	5
	5	5
	5	4
	5	2
	5	4
	5	3
	5	5
	5	4
	5	3
	5	4
	5	2
	5	3
	5	3
	5	4
	5	4
	5	5
ۿ	5	1
	5	3
	5	2
	5	2
	5	4
	5	2
	2	2
Э	5	3
	5	4
	2	3
	5	2
	5	5
	5	3
	2	1
	5	4
	5	4
	5	4
̓	5	1
ڣ	5	2
	5	2
	3	2
	5	3
	5	3
	5	1
	5	4
	5	4
Ӱ	5	3
	5	4
ݾ	5	3
	5	3
	5	4
ܷ	5	1
	5	4
ܡ	5	3
	5	4
	5	4
	1	2
	5	4
	2	2
	5	2
޸	5	2
	5	3
	5	2
	5	4
	2	2
	5	2
	5	3
	5	2
	5	2
	5	5
	5	4
	5	4
ϭ	5	3
	5	3
	2	2
	5	4
	5	3
	5	3
	5	3
	5	4
	2	1
	5	5
ɸ	5	4
	5	4
	2	2
	5	5
	5	4
	5	3
	5	4
	5	4
ӭ	5	3
	5	3
	5	3
	5	3
	5	3
	5	2
	5	3
	5	3
	5	4
	5	3
Ĥ	5	5
	5	3
	5	3
	5	4
ӣ	5	2
	5	4
	5	2
ݫ	5	4
	5	5
	5	2
	5	5
	3	3
ٿ	5	4
߸	5	1
	5	1
	5	3
	5	4
	5	4
	5	3
	1	2
͢	5	2
	5	3
	5	1
	5	4
	5	5
Ǳ	4	3
	5	3
	5	4
Ծ	5	2
	5	3
	5	4
	5	3
	5	4
	5	3
	5	2
	5	3
	2	2
	5	5
	5	4
	3	3
	5	3
	5	3
	1	2
ȱ	5	4
	5	3
	5	4
	5	3
	5	3
ŷ	2	3
	5	3
	5	3
	5	4
	5	1
	3	4
	5	3
	5	5
	5	3
	5	5
ۡ	2	3
	5	4
	5	4
	5	4
	5	4
	5	3
	5	3
ҫ	5	2
	5	3
ɶ	5	5
	5	4
	4	4
	5	2
	5	4
	5	3
	5	4
	5	4
	5	3
	5	3
	4	3
	5	3
	5	1
	5	3
	1	2
	5	2
	5	4
	5	2
ΰ	2	1
	5	4
A	5	1
	5	3
	2	2
	5	5
	5	3
	5	4
	5	4
	5	3
	5	3
	3	2
ͺ	5	3
	5	2
Ǣ	5	2
	5	5
	5	4
ۨ	5	2
	5	3
	2	2
	5	5
	5	4
	5	4
	5	4
	5	4
	1	2
	5	3
	5	4
	2	3
	5	4
u	5	1
ͭ	5	3
	5	3
	5	3
	5	1
ܻ	5	2
	4	4
	2	2
	5	4
	5	4
	5	4
	5	4
	5	4
	5	4
	5	2
	5	4
	5	3
ç	5	2
	1	2
	5	1
	5	4
	5	4
ʿ	3	2
	5	2
	5	3
	5	2
	5	4
ĸ	5	3
ڴ	5	3
	5	2
	5	4
	5	4
	5	4
	5	4
	5	1
	2	2
	5	5
	5	4
	5	4
	5	3
	5	2
պ	5	5
	5	4
	5	4
	5	4
	5	4
ĥ	4	4
	3	3
߼	5	4
	5	4
	5	2
	2	2
	5	2
	5	2
	5	5
ɵ	5	4
	5	4
	5	4
	5	3
	3	3
	5	4
	1	2
	5	4
	5	4
	5	3
Ӿ	5	3
	5	1
	5	4
	5	4
	5	4
	5	3
Ǽ	5	3
	5	2
	5	3
	5	1
Ũ	5	4
	5	5
	5	4
	4	4
	5	3
	5	3
	5	1
	5	2
	5	5
	5	3
ڧ	5	3
	5	3
	5	3
	5	1
	5	4
д	5	5
	5	4
	5	3
	5	5
	1	2
٨	5	2
	5	1
	5	3
	5	3
	5	3
	5	3
V	5	1
	5	2
	1	2
	5	5
	5	3
̺	5	4
	5	4
	5	3
	5	2
	5	5
	5	3
	5	4
ˤ	5	5
	5	4
	5	4
	2	3
	5	5
	5	4
	5	3
Ƹ	5	4
	5	2
	5	4
	5	3
	5	3
§	5	5
	5	3
	5	1
	5	3
	5	4
ܩ	5	3
ز	5	2
	5	4
	5	3
	5	3
ܨ	5	3
ͷ	5	4
	5	4
	5	3
	5	3
	5	2
Ъ	5	2
	5	4
	5	3
	5	4
	5	2
	5	2
	5	4
	5	3
	5	2
ǻ	5	4
	5	3
	5	4
	2	3
	5	4
	5	5
ئ	5	4
	3	4
	5	4
	1	2
	5	4
	5	4
	5	1
	5	3
	5	4
	5	3
	5	4
	5	3
	5	3
н	5	3
	5	4
	2	2
	5	4
	5	3
	5	3
	5	5
	4	4
	2	1
	5	2
ܵ	5	3
	5	5
	5	2
	2	2
	5	4
	5	5
ܪ	5	3
	5	3
	5	4
	5	5
	5	5
t	5	1
	5	2
	2	2
	5	3
	5	3
	5	3
	5	3
Ź	5	4
	4	4
	5	2
ש	5	3
	5	3
	5	3
	5	4
	5	3
	5	4
	5	3
	5	3
	2	2
{	5	1
	3	3
	5	3
	5	2
	5	3
	5	1
	5	4
	5	4
	5	4
	5	3
	5	4
ѭ	5	4
	5	4
	5	5
	5	4
	5	1
	5	4
	5	2
	5	3
	5	4
˿	5	2
	5	3
	5	3
	5	3
	5	4
η	5	3
	4	3
	5	4
	5	4
	5	2
	5	3
	5	4
ݿ	5	2
	5	4
	5	4
	5	1
	5	3
	5	3
	5	2
	5	3
	5	3
	5	4
	5	4
	5	3
	5	3
	5	3
	5	4
	5	5
	5	4
	5	2
	5	4
۵	5	3
	5	3
	5	4
	5	4
	5	3
	5	5
	5	5
	5	4
	5	3
	5	5
	5	4
ê	5	4
	5	3
	5	4
ݽ	5	3
	5	2
	5	4
	5	4
߱	5	3
S	5	1
	5	3
	5	4
	5	2
	5	1
	3	3
	5	3
	3	3
	5	5
	5	4
	4	4
	5	5
	5	2
	5	3
	5	4
	5	5
	5	4
	5	3
٥	5	2
	5	3
ա	5	4
	5	3
	5	3
	5	4
	5	2
ԧ	5	3
ձ	5	4
	5	3
	5	4
	5	4
	4	3
	5	4
	2	2
	5	3
	5	3
	5	4
	5	3
ϧ	5	3
	5	2
	5	2
	1	2
յ	5	3
	5	4
	5	3
	5	3
ؽ	5	4
	5	3
	5	4
Ǫ	5	3
	5	3
	1	2
	5	3
	5	2
	5	4
˹	2	2
	5	3
	5	4
	5	5
֭	5	4
	5	4
	5	4
	5	3
	5	3
	5	4
Ű	5	4
	5	2
	5	3
	5	3
	5	5
	5	4
	5	4
	5	5
	3	2
	5	3
	5	4
	5	4
׻	5	3
	5	4
ɢ	5	4
	5	5
	5	2
	3	2
	5	3
	5	5
	5	3
	5	4
	5	3
	5	3
	5	4
	3	3
	5	3
	5	1
	5	3
	5	3
ؾ	5	1
	5	3
	5	4
	5	4
	5	3
	5	4
	5	5
	5	3
	5	2
զ	5	5
	5	1
	5	3
	5	4
	5	4
	5	4
۾	5	3
	5	2
	5	3
	3	3
	5	4
Ͳ	5	4
	5	4
	2	2
	5	3
	5	2
Ƥ	2	2
	5	4
	5	5
˽	5	4
	5	4
	5	5
	3	3
	2	2
	5	3
	4	2
	5	3
	5	4
	5	3
	5	4
	2	2
	2	2
	5	2
	5	3
	5	2
	5	5
	5	3
	5	1
خ	5	2
	5	5
	5	3
	1	2
ի	2	2
	5	2
	5	5
	5	3
׾	5	2
	5	4
	3	4
	5	5
	5	2
	5	1
	5	3
	5	4
ҩ	5	4
	5	5
ͤ	5	2
	5	4
	5	4
	5	4
ұ	5	2
	5	1
	5	5
ث	5	2
	3	3
	5	3
	5	3
	5	4
	5	3
	5	2
ɻ	5	3
	5	3
	5	3
	5	3
	5	2
	5	4
	5	3
	5	2
	5	2
ƴ	5	4
	5	1
	5	3
	5	4
	5	4
	5	3
	5	3
	2	2
	5	5
	5	4
	5	3
	5	3
ֺ	5	4
@	5	1
	2	2
	5	3
	5	4
Զ	5	2
	5	4
	5	3
	5	4
ө	5	3
	5	3
	3	2
ή	5	3
	5	4
	5	4
	5	3
߬	5	5
	5	2
ǳ	5	3
	5	1
	3	2
	5	4
	5	3
	5	5
	5	3
	2	3
	2	3
	5	2
	5	4
	3	4
Դ	3	2
	5	2
	5	4
	5	3
	5	3
	5	4
	3	2
	5	4
Ѿ	5	2
	5	4
	5	3
	5	3
	3	3
	5	5
	1	2
	5	5
	5	2
	5	2
߳	5	4
	5	3
	5	3
	5	5
	5	3
	5	4
	5	3
	2	2
	5	3
	5	2
	5	2
ǹ	5	4
	5	4
	5	3
	5	4
	5	3
	5	3
	1	2
	5	2
׺	5	4
	5	3
	5	4
	5	4
	5	4
	5	4
	5	2
	3	3
	5	3
	5	5
	5	5
	5	2
	5	4
	5	4
	5	3
ٺ	5	3
³	1	2
	5	2
	5	2
	5	1
	5	1
¡	2	2
	5	2
	5	1
	5	4
	5	4
	5	4
	5	4
	5	3
	3	2
	5	2
	5	3
	5	4
	5	2
	5	4
	5	3
	5	3
	5	5
	5	4
	5	2
ج	5	5
	3	3
	5	2
	5	3
	5	4
	5	4
	5	5
	5	4
	5	4
	5	4
	5	3
	5	3
	5	1
	5	3
	5	4
	5	3
	5	3
	5	1
է	5	4
	5	1
	5	3
	5	5
	5	3
	5	3
	5	1
	5	2
	5	3
	5	3
	5	3
	5	3
	5	4
	5	4
	4	3
	5	4
	5	5
	5	3
	5	1
	5	3
	5	3
֯	5	3
	5	4
	5	1
	5	3
	5	4
Ժ	5	4
	5	4
	5	3
	5	3
	5	3
	5	3
Ѷ	5	4
	5	4
	5	3
	5	3
	5	2
	5	4
Թ	5	4
	5	4
	5	4
	5	3
	5	2
	5	5
	5	1
ò	5	4
	5	4
Щ	5	5
	5	5
	5	3
	5	1
	5	4
	5	4
ݭ	5	3
ү	5	2
	5	4
	5	3
	1	2
	2	3
	5	5
	5	3
	5	3
	5	3
	5	4
	5	1
	5	3
	2	3
	5	1
	2	2
	5	5
	5	2
	5	4
	5	3
	5	2
	4	3
	3	3
	5	3
	5	4
	5	4
	5	2
	5	5
	5	3
߹	5	3
	5	2
ʪ	5	3
	5	4
	4	3
ܧ	5	3
	5	3
ä	5	4
	5	4
	5	4
	5	3
	5	4
	5	3
	5	4
	2	2
Ļ	5	3
	5	2
֣	1	2
	5	3
	5	3
	5	4
	5	1
	5	2
ػ	5	3
	5	3
	5	3
Ϫ	5	2
	5	3
	5	5
	5	1
	2	3
	5	3
	5	4
	3	3
ƫ	5	4
	5	4
̤	5	4
ζ	5	4
	5	4
	5	3
	5	5
	5	4
	3	4
	5	4
ѩ	2	2
	5	2
˺	5	5
Ƭ	5	5
	5	2
	5	3
	5	1
	5	3
	5	4
	5	2
	5	4
	5	5
	5	2
	5	3
	5	2
ҿ	5	2
Z	5	1
	5	5
	5	3
	5	3
	5	4
к	5	5
	3	1
	5	5
	5	3
	5	4
	5	3
	5	3
ȳ	5	3
	5	3
	5	5
	5	4
	5	4
	5	4
	2	2
	5	3
	5	4
ϡ	5	3
	5	4
ݺ	5	2
	5	3
ݻ	5	2
	1	2
ٶ	5	2
	1	2
	5	4
	5	3
ݸ	5	3
	5	4
	5	3
	5	3
	5	5
	5	2
β	2	3
ʳ	5	5
	2	3
	3	3
	5	5
֦	3	2
	3	3
Է	2	2
	5	3
	5	3
	5	3
	5	4
	5	4
	5	4
	5	5
	5	5
	5	3
	5	3
ͥ	5	2
	5	4
	5	5
	3	4
	5	5
	5	3
	5	3
	5	3
	5	2
	5	4
Ӷ	5	4
	5	4
Ҽ	5	3
	5	5
	5	2
	5	4
	5	4
	5	3
	5	3
	5	2
	5	3
	5	4
	5	3
	5	1
	5	3
	5	4
	5	4
	2	2
	5	2
	5	3
	4	3
	5	4
	5	2
	5	2
	2	2
	5	3
	5	4
	5	1
	5	4
	5	4
	5	5
	5	3
	5	3
	5	3
	5	4
m	5	1
	5	3
	5	3
̾	5	4
	5	4
С	5	2
	5	2
	5	3
	5	3
	5	4
	3	3
	5	4
	2	3
	5	4
	5	1
۲	5	4
	5	2
	5	3
	5	4
	5	3
	5	1
ݪ	5	2
	5	2
	5	2
	5	2
	3	2
	5	3
ɿ	5	5
	5	4
	5	2
	5	2
	3	3
	5	4
	5	3
	5	2
	5	3
	5	2
	5	3
ȶ	5	3
	5	4
	5	4
	5	4
	5	3
	5	4
	5	3
	1	2
	5	3
	5	3
	5	4
	2	2
	5	4
	2	2
	5	3
	5	4
	5	4
̯	5	4
	5	4
	5	1
	5	5
	5	4
	1	2
	5	4
	5	1
	5	4
	5	4
	5	2
	5	3
	5	5
	5	5
	5	4
	5	5
ռ	3	3
	5	4
x	5	1
	5	2
	5	3
	5	4
	5	4
	5	1
	5	1
	5	4
	5	4
	3	3
	5	4
	5	2
	5	4
	5	3
	5	4
	5	4
	5	4
	5	3
	5	3
	5	4
	5	4
Ľ	2	2
	5	4
	5	3
	5	5
	5	2
	5	4
	5	4
	5	4
	3	3
	5	3
	5	3
	5	3
÷	1	2
ڬ	5	4
	5	3
	5	3
	5	3
	5	4
	5	2
Ⱦ	5	3
	5	3
	1	2
	2	2
	2	2
	5	4
ɳ	2	2
	5	3
	5	4
ã	5	4
	5	4
	5	3
	5	4
	3	3
G	5	1
	3	3
	5	2
	5	5
	5	4
	5	3
	5	3
	5	2
	4	4
	5	4
	5	2
	5	3
	1	2
	5	4
	4	4
	5	3
	5	4
	5	4
	5	2
	2	2
	5	2
	5	3
	5	2
	5	3
	5	5
	5	4
׶	5	4
	5	3
	4	4
	5	4
	5	2
	5	4
	5	3
	5	3
	5	3
	5	5
	5	5
	5	3
	5	3
	5	3
	5	3
	5	2
	1	2
	5	3
	1	2
	5	4
	5	3
	5	1
	5	4
	5	3
	5	3
	3	4
	5	5
	5	1
	5	4
	5	4
	5	3
	2	2
	5	2
	5	3
	5	3
	5	3
׵	5	4
	5	2
	5	5
	5	3
	2	2
װ	5	5
	5	5
	5	3
դ	5	3
	5	4
	5	3
	5	3
	5	3
	5	5
	5	1
	5	4
	5	4
	5	4
	5	4
	3	3
	5	4
ժ	5	4
	5	2
	5	3
	5	4
	5	4
	5	4
	5	4
ڵ	5	3
	5	4
	5	2
Ȭ	5	4
	5	5
	5	3
	5	4
	5	4
	5	4
	5	3
	5	2
	5	1
޶	5	4
	5	3
	1	3
	5	5
	5	2
	5	4
	5	3
	2	1
	5	3
ŵ	2	2
	5	5
	5	4
	5	3
	5	4
	5	5
ξ	2	2
	5	3
	5	4
	5	3
	5	3
	5	3
	1	2
	5	2
	5	4
	5	3
	5	5
	5	1
	5	4
	5	3
	2	2
	5	3
	5	5
	2	3
	5	4
	5	4
	5	4
	5	2
	5	3
ٳ	5	1
	2	2
	5	3
	5	3
	5	3
	5	4
	1	2
	5	3
޳	5	3
	5	2
	5	4
	2	1
	5	4
	5	3
	5	3
	5	3
	5	4
	5	3
	5	4
c	5	1
	5	3
	5	4
	5	3
	5	3
	5	4
	5	5
	5	5
	5	3
	5	2
Ͷ	5	5
	5	3
ԯ	5	2
	5	3
	5	2
	5	4
	5	3
۽	5	3
	5	3
Ū	5	4
ı	5	2
	5	4
	2	1
ܺ	5	3
	5	1
	5	2
	5	4
	5	2
	5	4
	5	2
	5	4
	5	4
ɩ	5	2
	5	3
	4	4
	5	3
	3	2
	5	3
	5	4
	5	2
	5	4
	5	3
	5	4
	5	2
ȹ	5	4
	3	2
	5	2
	5	2
	5	4
	5	5
ߢ	5	3
	5	3
	5	2
	5	4
	5	4
	2	2
	5	5
	5	4
˵	5	5
	5	3
	5	3
	5	4
ŭ	5	3
	5	2
̶	4	3
	5	3
	5	1
ï	2	2
	5	5
֮	5	3
	5	2
	5	5
	5	1
	5	5
	5	2
ѧ	4	3
	5	4
	5	2
	5	2
	5	3
	5	4
	5	3
	5	4
	3	3
Я	5	4
	5	3
	5	3
	5	3
ڡ	5	3
	5	4
	5	4
	2	2
	5	3
ʥ	2	2
	5	4
	2	3
	5	2
	5	4
	5	4
ָ	5	5
	5	3
	5	3
	5	4
Ԧ	5	3
	3	2
	5	4
	5	4
	5	2
	5	2
	5	1
	2	1
	5	3
	5	3
	5	3
	5	4
	5	3
	5	4
	5	4
	5	4
Ƚ	1	2
	5	4
	5	4
	5	5
	5	3
ݮ	5	4
	1	2
	5	3
	5	5
	5	3
	5	3
	5	3
	5	2
	5	3
	5	3
	5	4
	5	3
	5	4
	5	3
	2	2
	5	3
	5	5
	5	4
	5	4
	5	4
	5	3
	2	2
	5	4
	5	3
	5	3
	5	2
	5	4
	5	4
	5	2
	5	3
	5	3
	5	3
	5	3
D	5	1
Ǩ	5	2
	5	3
	5	3
	5	2
	5	3
ڨ	5	4
	5	3
	2	1
	5	3
	1	2
	5	4
	2	2
	5	4
	5	2
	5	3
	5	4
	5	3
	5	4
	5	4
	5	2
	5	3
	5	4
	4	3
	5	3
	5	4
	5	2
	5	3
	5	3
	3	2
	4	3
	5	4
	5	5
ݳ	5	2
	5	4
	5	3
	5	4
	5	4
	5	4
	2	2
	5	3
ϸ	5	3
	5	3
	5	3
	5	3
	5	2
ɭ	2	2
پ	5	2
	5	4
	5	2
	5	3
	5	3
	5	3
	5	4
	5	2
ۼ	5	2
	5	3
	5	2
	5	5
	5	4
ٮ	5	2
	4	3
	5	3
	5	4
	5	5
	5	3
	5	3
	2	2
	5	1
	5	3
	5	4
	5	3
	5	4
	5	4
	5	2
	5	3
٤	5	2
	5	4
Ϊ	5	4
	5	3
	5	4
	5	3
	5	4
	5	3
	5	3
	5	2
ˡ	5	2
	5	3
	3	3
	5	3
	5	4
	5	2
	5	3
ǩ	5	5
	5	3
	5	1
	4	3
¶	5	2
	5	4
	5	4
	5	2
	5	2
	5	4
	5	4
	5	5
	5	4
گ	5	2
	5	1
	5	3
	5	5
	5	3
	5	4
	1	2
	5	4
	5	1
ֲ	3	3
	5	3
	5	5
	5	3
	5	4
	5	5
	5	3
	1	2
	2	3
	5	5
	5	4
	5	1
	5	3
Ӫ	4	4
	5	2
	5	4
	4	4
	5	4
	5	4
	5	5
	5	4
	5	3
ĺ	5	3
	5	3
	5	4
	3	2
	5	2
	5	1
	5	3
Ӳ	5	4
	5	4
	5	4
	5	4
	5	3
	5	3
	5	3
	5	3
	5	4
	5	4
	5	3
	5	3
	5	4
	5	4
	5	4
̵	5	4
ĭ	5	2
	5	4
˯	5	5
ߩ	5	5
	5	4
	5	4
̹	5	2
ؤ	5	4
S	5	1
	5	3
	5	4
	5	4
	5	5
	5	4
	5	3
	5	4
	5	4
	5	4
	5	4
	5	5
	5	3
	5	3
	5	2
	5	4
	5	3
	5	1
	5	4
	5	3
ȥ	5	5
	5	3
	5	3
	5	4
	2	2
Ө	5	1
ء	5	3
	5	4
	5	2
	5	4
	5	4
	5	2
	3	4
Ա	5	4
	5	3
	5	4
Ѣ	5	4
	5	2
	5	4
	5	3
	5	3
ͫ	5	2
	5	3
	5	4
	5	4
	5	1
	5	3
	5	4
	2	2
	5	4
ٷ	5	2
	3	3
	5	5
	5	4
	5	3
	5	3
	5	4
	5	4
	5	4
	5	3
	5	2
	5	3
μ	5	2
	5	4
	5	5
	5	3
	5	4
	5	3
	5	5
	5	4
	3	3
	5	2
	5	4
	5	4
	5	3
ѷ	5	2
	5	2
	5	2
	5	2
	4	3
	5	3
Ͽ	5	3
	5	5
	5	4
	5	3
	5	2
	3	3
߰	5	4
	5	2
	5	4
	5	4
	5	4
	5	1
	5	1
	5	2
	5	2
޾	5	3
	5	3
	5	3
	5	3
ʣ	5	5
	2	3
	5	2
	5	5
׭	5	4
	5	4
	4	3
	5	1
	5	4
	5	4
	5	3
	2	1
	5	4
ͩ	2	2
	5	3
	5	2
ƪ	5	5
	5	4
	2	2
	5	2
ʬ	5	4
	5	5
	5	1
	5	2
û	5	5
	5	4
Ŵ	5	4
	5	5
	5	3
	2	2
	5	3
	5	4
	5	3
	5	2
	5	3
	5	4
	5	3
	5	2
	5	4
	1	3
	1	2
	5	3
	5	3
	5	3
	5	5
	5	4
	5	4
έ	5	2
	2	2
	5	3
	5	3
	1	2
	5	1
ҷ	5	3
	5	2
	5	3
̮	5	4
	5	5
	5	2
	5	2
	5	4
	5	3
	5	1
	5	4
ܳ	5	3
	5	4
	5	4
	5	2
	4	4
	5	2
	1	2
	5	4
	5	4
	5	4
	5	4
	5	3
ȧ	5	4
	5	3
	5	3
	5	4
	1	2
	1	2
̳	5	4
	5	3
	5	3
	1	2
	5	3
I	5	1
	5	3
	5	4
	5	5
	5	5
	5	4
˻	5	4
	5	3
Ի	5	4
	5	2
	5	5
	5	2
	3	3
	5	2
	5	4
	5	3
	2	2
ҳ	5	4
	5	5
ɼ	5	2
	5	4
	5	4
	5	4
	3	3
	5	4
ק	5	4
ϰ	2	3
	2	2
	5	3
	5	3
	5	4
	5	4
	5	3
	3	3
֡	5	3
Į	5	2
	5	4
	5	4
	5	4
	5	2
	5	5
	5	4
	5	2
	5	4
Ʊ	5	4
	5	3
	5	1
	5	2
	5	5
	5	2
	5	1
	5	1
	5	4
	5	4
	2	2
Ӽ	5	4
	5	4
	5	2
֤	5	4
	5	1
	5	5
	3	2
	5	3
	5	4
	5	3
	5	4
̿	5	4
	5	3
	5	5
	5	4
	5	4
	5	1
	3	3
	5	5
	5	4
Ц	5	3
	5	3
	5	5
Һ	5	5
	5	3
	5	2
	5	3
	5	2
	5	2
	5	3
	5	5
	1	2
	1	2
	5	3
	5	3
	5	4
	5	4
ɬ	5	3
	5	2
	5	4
Ҭ	5	3
	5	3
	5	2
	5	3
	5	4
	5	1
	5	3
	5	4
	5	2
ҹ	5	3
	5	4
	5	3
ְ	5	5
	5	4
	5	3
	5	4
	5	4
	5	4
	5	4
	5	3
	5	2
	5	2
	5	4
	2	2
	5	5
	5	2
	5	4
	5	1
	5	4
	5	2
	5	3
	5	4
	4	3
	5	3
	5	4
	5	3
	5	3
	5	1
	5	3
	5	3
	5	4
	2	3
	5	5
Ǯ	2	3
	5	4
	5	4
	5	2
	5	3
Ҿ	5	3
	5	2
	5	4
	5	1
	5	4
	5	4
	5	2
	5	4
	5	4
	5	4
	5	4
	5	2
	5	2
ͧ	5	4
̨	4	3
	5	2
	5	4
	5	3
	5	3
	5	2
	5	5
	5	3
	5	4
	5	1
	5	5
	2	2
	5	4
	2	3
	5	4
	5	4
	5	5
	3	2
	5	3
	5	3
	1	2
	5	4
	5	3
	5	5
	5	2
	5	3
Σ	4	4
	5	3
	5	4
	5	3
	5	4
	5	4
	5	1
	5	4
	5	3
	5	4
	5	3
	3	3
	5	2
ʹ	5	5
ة	5	2
	5	3
	5	4
	5	4
	2	3
	5	4
Ŷ	5	5
	5	4
	5	3
	5	4
	5	5
	5	3
	5	4
	5	1
	5	3
	5	3
ͱ	5	5
	5	3
	5	4
	5	4
	5	2
˼	5	2
	5	5
	5	4
	5	4
ا	5	1
	5	3
߲	5	4
	5	2
	5	4
	5	3
	5	3
׼	5	3
	5	4
	5	1
	5	3
Ĩ	5	4
	5	5
	5	4
	5	3
	5	4
	5	4
	3	2
	5	1
	5	4
ԣ	5	2
	2	2
	5	3
	5	3
ٰ	5	2
˳	5	2
	5	5
	5	4
	5	4
	5	5
	5	4
	5	4
	5	2
	5	1
	5	4
	5	3
	5	3
	5	1
	5	4
ԩ	5	4
Ǥ	5	4
	5	4
	5	4
	5	2
	2	3
	5	5
ܶ	5	3
	5	2
	5	3
	5	4
	5	4
	3	3
	5	5
	5	2
	5	5
	5	4
ը	5	4
	5	3
	5	2
	5	1
	5	3
	5	4
ö	3	3
	4	4
۷	5	3
	5	2
	5	3
	5	4
	5	3
	5	5
	5	4
	5	2
	5	1
ý	5	4
	5	2
	5	3
	5	4
	5	4
	5	5
ݦ	5	2
	3	3
ݶ	5	2
	5	3
	5	2
ݢ	5	2
	5	4
ڤ	5	3
ڿ	5	4
Ǿ	5	2
	5	4
ӱ	5	1
	5	3
	5	4
	5	4
	5	3
	5	3
	5	3
	5	4
	5	3
	5	3
	5	4
	5	3
	5	5
	5	2
	5	3
H	5	1
	5	3
	5	3
	5	4
	5	2
	5	2
	2	2
	5	2
	5	2
	5	4
	5	3
	5	4
	5	3
	5	3
̧	5	5
	5	4
	5	3
	5	4
	5	4
	5	3
	5	4
	5	2
	5	5
	5	4
	5	4
	1	2
	5	3
	5	2
ϲ	3	3
	5	4
	5	3
	5	4
	1	5
	5	4
	5	1
	5	3
Ŧ	5	2
	2	2
Ψ	5	2
	5	4
	5	3
	5	3
ݼ	5	1
	5	3
	5	3
	5	5
	5	4
	5	4
	5	3
¯	5	3
	5	4
	5	4
ڹ	5	4
	5	3
	5	4
	2	2
	5	4
ź	5	3
	5	4
	2	2
Ĺ	5	4
	1	2
	5	3
ά	5	2
	5	3
	3	4
	2	3
	5	4
	5	3
	5	4
	5	3
	5	3
	5	2
	5	4
	5	5
O	5	1
	5	5
	5	4
	5	4
	5	3
	5	5
	5	3
ߦ	5	4
	5	5
	5	5
	5	2
	5	3
	5	3
	5	2
	1	3
ϥ	5	4
ܸ	5	3
	2	3
	5	4
Ī	1	2
̬	5	5
	5	2
	5	2
	5	3
	5	4
	1	2
	5	2
	5	4
	5	5
	2	2
	5	3
	5	5
	5	5
Ͻ	5	5
	5	3
	1	2
	5	3
	5	3
	5	3
	5	5
	1	2
	5	3
	5	2
	5	3
	5	3
	5	4
δ	5	4
	5	3
	5	3
Ӭ	5	4
	5	4
	5	5
	5	3
	5	3
	5	2
	5	3
	5	4
	2	2
	5	3
	5	4
ܥ	5	2
	5	3
˦	5	4
	5	3
	5	3
з	5	3
	5	5
	5	3
	5	3
	5	3
	5	4
D	5	1
	2	3
	5	3
	5	3
	2	2
	5	2
	5	4
	5	4
Х	5	2
	5	3
	5	4
	5	5
	5	5
	5	4
	5	4
	5	4
ÿ	5	5
	5	3
	5	1
	2	2
	5	3
	5	1
	5	3
	5	1
	5	4
	5	3
	5	1
	5	4
	5	4
	5	4
	5	3
	5	2
	5	4
	5	3
	5	3
	5	4
	2	2
	5	5
	5	4
	5	4
	5	4
	5	2
	5	3
	5	5
	5	4
	5	5
	1	2
	5	3
	3	4
	5	3
߯	5	4
ž	5	4
	5	4
	5	5
	5	4
	5	4
	5	5
	5	4
ȵ	5	3
	5	4
	2	2
	3	3
	2	2
Ҳ	5	5
	5	2
	5	4
ʫ	3	2
	5	3
ݰ	5	3
	3	3
	5	2
	5	3
	5	4
֥	5	2
ո	5	4
	5	2
ߴ	5	4
	5	4
	5	4
	5	4
	5	2
	5	4
	5	3
	5	4
	5	3
©	5	4
	5	3
	5	4
®	5	3
	5	3
	5	4
	5	4
	1	2
ʴ	5	4
	5	2
	5	1
	5	3
	2	1
	5	5
	2	2
޲	5	3
	5	3
	2	3
	5	1
	5	4
	5	3
	5	4
	5	4
	5	3
	5	2
	5	3
	5	2
	2	1
	2	2
	5	4
	5	5
	5	3
	5	4
	5	2
	5	3
	5	4
	5	2
	5	2
ü	5	2
ƭ	5	4
	5	3
	5	4
	5	3
	5	4
	5	2
	5	3
	3	3
	5	4
	5	3
	5	3
	5	4
	5	5
	5	4
	5	4
	5	4
Ҩ	5	4
	5	3
ģ	5	4
	5	4
	5	3
	2	2
	5	2
	5	2
	5	4
	2	2
ٻ	5	1
ׯ	2	3
	2	1
	5	3
	5	4
t	5	1
ޤ	5	3
	5	3
	5	5
	5	4
ʹ	5	4
	5	4
	5	4
	5	3
	5	4
	5	4
	4	4
	5	3
	5	3
	5	3
	5	4
	5	2
	5	3
Ը	5	4
	5	3
	5	4
	5	4
¾	5	4
۫	5	2
	5	3
	5	5
	5	3
׷	5	4
	3	4
	5	5
	5	4
Ҫ	5	5
	5	4
	4	3
	5	3
	5	3
ּ	5	4
	4	3
	5	1
	5	4
	5	4
	5	4
	5	2
	5	4
	5	5
	5	3
	5	4
й	5	5
	5	3
	5	2
	5	3
	5	4
	5	4
	5	3
	5	3
	1	2
	5	2
	5	4
	5	2
	5	4
	5	1
	5	1
	5	2
	5	2
ۯ	5	4
